var chartDom = document.getElementById('reli');
var myChart = echarts.init(chartDom);
var option;

// prettier-ignore
const hours = ['房地产开发企业个数','房地产开发企业平均从业人数','房地产开发企业待开发土地面积',
'房地产开发企业计划总投资','商品房销售面积','商品房销售额',
'房地产开发企业资产负债率','房地产开发企业资产总计','房地产开发企业营业利润',
'房地产开发企业施工房屋面积','房地产开发企业竣工房屋面积','商品房平均销售价格'];
// prettier-ignore
const days = ['房地产开发企业个数','房地产开发企业平均从业人数','房地产开发企业待开发土地面积',
'房地产开发企业计划总投资','商品房销售面积','商品房销售额',
'房地产开发企业资产负债率','房地产开发企业资产总计','房地产开发企业营业利润',
'房地产开发企业施工房屋面积','房地产开发企业竣工房屋面积','商品房平均销售价格'];

a = [0,1,2,3,4,5,6,7,8,9,10,11,12]
b = [0,1,2,3,4,5,6,7,8,9,10,11,12]
// prettier-ignore
const data =[[0, 0, 1.0], [0, 1, 0.941], [0, 2, 0.688], [0, 3, 0.834], [0, 4, 0.896], [0, 5, 0.837], [0, 6, 0.675], [0, 7, 0.816], [0, 8, 0.802], [0, 9, 0.894], [0, 10, 0.908], [0, 11, 0.891], [0, 12, 0.877], [1, 0, 0.941], [1, 1, 1.0], [1, 2, 0.598], [1, 3, 0.848], [1, 4, 0.949], [1, 5, 0.886], [1, 6, 0.793], [1, 7, 0.832], [1, 8, 0.871], [1, 9, 0.977], [1, 10, 0.948], [1, 11, 0.933], [1, 12, 0.89], [2, 0, 0.688], [2, 1, 0.598], [2, 2, 1.0], [2, 3, 0.615], [2, 4, 0.515], [2, 5, 0.563], [2, 6, 0.434], [2, 7, 0.615], [2, 8, 0.563], [2, 9, 0.515], [2, 10, 0.594], [2, 11, 0.451], [2, 12, 0.617], [3, 0, 0.834], [3, 1, 0.848], [3, 2, 0.615], [3, 3, 1.0], [3, 4, 0.897], [3, 5, 0.971], [3, 6, 0.929], [3, 7, 0.998], [3, 8, 0.856], [3, 9, 0.875], [3, 10, 0.964], [3, 11, 0.722], [3, 12, 0.99], [4, 0, 0.896], [4, 1, 0.949], [4, 2, 0.515], [4, 3, 0.897], [4, 4, 1.0], [4, 5, 0.957], [4, 6, 0.862], [4, 7, 0.889], [4, 8, 0.926], [4, 9, 0.96], [4, 10, 0.955], [4, 11, 0.881], [4, 12, 0.944], [5, 0, 0.837], [5, 1, 0.886], [5, 2, 0.563], [5, 3, 0.971], [5, 4, 0.957], [5, 5, 1.0], [5, 6, 0.938], [5, 7, 0.973], [5, 8, 0.928], [5, 9, 0.906], [5, 10, 0.958], [5, 11, 0.752], [5, 12, 0.985], [6, 0, 0.675], [6, 1, 0.793], [6, 2, 0.434], [6, 3, 0.929], [6, 4, 0.862], [6, 5, 0.938], [6, 6, 1.0], [6, 7, 0.933], [6, 8, 0.838], [6, 9, 0.851], [6, 10, 0.905], [6, 11, 0.658], [6, 12, 0.916], [7, 0, 0.816], [7, 1, 0.832], [7, 2, 0.615], [7, 3, 0.998], [7, 4, 0.889], [7, 5, 0.973], [7, 6, 0.933], [7, 7, 1.0], [7, 8, 0.865], [7, 9, 0.858], [7, 10, 0.951], [7, 11, 0.69], [7, 12, 0.987], [8, 0, 0.802], [8, 1, 0.871], [8, 2, 0.563], [8, 3, 0.856], [8, 4, 0.926], [8, 5, 0.928], [8, 6, 0.838], [8, 7, 0.865], [8, 8, 1.0], [8, 9, 0.884], [8, 10, 0.878], [8, 11, 0.721], [8, 12, 0.899], [9, 0, 0.894], [9, 1, 0.977], [9, 2, 0.515], [9, 3, 0.875], [9, 4, 0.96], [9, 5, 0.906], [9, 6, 0.851], [9, 7, 0.858], [9, 8, 0.884], [9, 9, 1.0], [9, 10, 0.968], [9, 11, 0.933], [9, 12, 0.91], [10, 0, 0.908], [10, 1, 0.948], [10, 2, 0.594], [10, 3, 0.964], [10, 4, 0.955], [10, 5, 0.958], [10, 6, 0.905], [10, 7, 0.951], [10, 8, 0.878], [10, 9, 0.968], [10, 10, 1.0], [10, 11, 0.875], [10, 12, 0.976], [11, 0, 0.891], [11, 1, 0.933], [11, 2, 0.451], [11, 3, 0.722], [11, 4, 0.881], [11, 5, 0.752], [11, 6, 0.658], [11, 7, 0.69], [11, 8, 0.721], [11, 9, 0.933], [11, 10, 0.875], [11, 11, 1.0], [11, 12, 0.774], [12, 0, 0.877], [12, 1, 0.89], [12, 2, 0.617], [12, 3, 0.99], [12, 4, 0.944], [12, 5, 0.985], [12, 6, 0.916], [12, 7, 0.987], [12, 8, 0.899], [12, 9, 0.91], [12, 10, 0.976], [12, 11, 0.774], [12, 12, 1.0]]
    .map(function (item) {
    return [item[1], item[0], item[2] || '-'];
});
option = {
    
    tooltip: {
      position: 'top'
    },
    /*grid: {
        x: 25,
        y: 45,
        x2: 5,
        y2: 30,
        borderWidth: 1,
      },*/
      legend: {
        data: [1,2,3],
        textStyle:{
          color: 'white'
      },},  
    xAxis: {
      type: 'category',
      data: a,
      splitArea: {
        show: true
      }
    },
    
    yAxis: {
      type: 'category',
      data: b,
      splitArea: {
        show: true
      }
    },
    visualMap: {
      min: 0.5,
      max: 1.0,
      calculable: true,
      orient: 'horizontal',
      left: 'center',
      
    },
    series: [
      {
        name: 'Punch Card',
        type: 'heatmap',
        data: data,
        label: {
          show: true
        },
        emphasis: {
          itemStyle: {
            shadowBlur: 10,
            shadowColor: 'rgba(0, 0, 0, 0.5)'
          }
        }
      }
    ]
  };
  
  option && myChart.setOption(option);